Updated List of Inductors

100 nH to 10000 nH 5A IDC 1 MHz


XEL3515-151 0.1 350 57 4.80E-03 1.7 1.87E-05 3.41E-02 0.15 4.81E-04 2.05E-04
XEL3520-131 0.1 300 99 3.50E-03 2.0 4.73E-05 5.50E-02 0.133 1.32E-03 4.50E-06
XFL4012-121 0.1 500 19 0.005 4.6 5.00E-06 0.017  0.12  1.00E-06 3.00E-06
XGL4018-121 0.1 500 2 2.00E-03 3.4 1.0E-06 0.017 0.12 1.0E-06 1.0E-06
XGL4030-131 0.1 400 11.0  1.5E-3 3.07 1.0E-06 2.23E-02 0.13 1.0E-06 1.0E-06
XGL4040-151 0.1 400 6 1.80E-03  4.5 1.0E-06  0.022 0.15 1.0E-06 1.0E-06
XAL5030-161 0.1 300 5 0.00215 4.3 5.00E-05 0.016 0.16 1.00E-03 5.00E-06
XEL5030-131 0.1 280 66.4 1.53E-03 5.62 1.00E-06 1.84E-01 0.140 1.00E-03 1.00E-02
XEL5050-141 0.1 300 33.7 1.48E-03 5.7 1.00E-06  4.60E-02 0.14 5.80E-04  1.00E-02
SLC7649S-101 0.1 80 42.0 0.17 100 1.80E-06 0.016 0.10 5.00E-04 9.80E-06
SLC7649S-121 0.1 60 42.0 0.17 120 1.88E-06 0.0297 0.122  1.19E-03 9.80E-06
SLC7649S-151 0.1 50 39.6 0.17 145 3.28E-06 0.0240 0.152  1.51E-03 9.80E-06
XAL7020-151 0.1 300 10 0.0019 6.9 2.00E-05 0.020  0.15  1.00E-04 5.00E-06
XAL7030-161 0.1 200 20 0.00115 7.02  4.00E-05 0.022  0.16 5.00E-04 6.00E-06
XAL7070-161 0.1 220 19 7.50E-04 5.31 1.00E-06 0.02 0.16 1.99E-02 1.00E-06
DO1813P-181H 0.1 4.4 472 0.001 835 1.73E-05 0.115 0.180 2.85E-03 9.38E-06
DO1813P-331H 0.1 4.4 50000 0.004 14.0 4.85E-05 0.146 0.330 7.96E-03 1.02E-05
SLR1050A-121 0.1 70 52 3.90E-04 90 1.32E-05 1.20E-02  0.122 -1.01E-03 3.39E-06
SLR1050A-151 0.1 60 48 3.90E-04 75 1.61E-05 1.80E-02  0.152 -1.81E-03 3.39E-06
SLR1050A-221 0.1 40 50 3.90E-04 115 4.52E-06 1.30E-02  0.222 -1.65E-03 3.39E-06
SLR1050B-121 0.1 70 52 4.70E-04 90 1.32E-05 1.20E-02  0.122 -1.01E-03 3.39E-06
SLR1050B-151 0.1 60 48 4.70E-04 75 1.61E-05 1.80E-02  0.152 -1.81E-03 3.39E-06
SLR1050B-221 0.1 40 50 4.70E-04 115 4.52E-06 1.30E-02  0.222 -1.65E-03 3.39E-06
SLR1050C-121 0.1 70 52 5.50E-04 90 1.32E-05 1.20E-02  0.122 -1.01E-03 3.39E-06
SLR1050C-151 0.1 60 48 5.50E-04 75 1.61E-05 1.80E-02  0.152 -1.81E-03 3.39E-06
SLR1050C-221 0.1 40 50 5.50E-04 115 4.52E-06 1.30E-02  0.222 -1.65E-03 3.39E-06
SLR1065-121 0.1 80  39 4.80E-04 86 1.32E-05 1.30E-02 0.121 -1.00E-03 3.39E-06
SLR1065-141 0.1 70  41 4.80E-04 90 1.32E-05 1.40E-02 0.141 -1.00E-03 3.39E-06
SLR1065-171 0.1 50 35 4.80E-04 110 1.32E-05 1.40E-02  0.171 -1.00E-03 3.39E-06
SLR1070-121 0.1 50  43 2.90E-04 78 1.32E-05 1.30E-02 0.121 -1.01E-03 3.39E-06
SLR1070-141 0.1 50 41 2.90E-02 103 1.32E-05 1.50E-02  0.151 -1.01E-03 3.39E-06
SLR1070-171 0.1 50  45 2.90E-04 95 1.32E-05 1.60E-02 0.171 -1.01E-03 3.39E-06
SLR1070-221 0.1 40  48 2.90E-04 99 1.32E-05 1.90E-02 0.221 -1.01E-03 3.39E-06
SLR1070-251 0.1 30 56 2.90E-04 207 1.32E-05 2.20E-02  0.231 -1.01E-03 3.39E-06
SLR1070-281 0.1 30 48 2.90E-04 140 5.22E-05 2.30E-02  0.273 -1.01E-03 3.39E-06
SLR1070-301 0.1 20 42 2.90E-04 121 5.22E-05 2.50E-02  0.303 -1.01E-03 3.39E-06
SLR1075-121 0.1 50  43 2.90E-04 78 1.32E-05 1.30E-02 0.121 -1.01E-03 3.39E-06
SLR1075-151 0.1 50 39 2.90E-02 100 1.32E-05 1.50E-02  0.151 -1.01E-03 3.39E-06
SLR1075-171 0.1 50 41 2.90E-04 105 1.32E-05 1.60E-02  0.171 -1.01E-03 3.39E-06
SLR1075-221 0.1 40 43 2.90E-04 110 1.32E-05 1.90E-02  0.221 -1.01E-03 3.39E-06
SLR1075-231 0.1 40 45 2.90E-04 135 1.32E-05 2.20E-02  0.231 -1.01E-03 3.39E-06
SLC1175-121 0.1 50 55 0.228 70 6.00E-05 0.014 0.12  -2.00E-03 1.80E-05
SLC1175-151 0.1 50 60 0.228 75 5.00E-05 0.016 0.15  -2.00E-03 1.80E-05
SLC1175-171 0.1 40 50 0.228 85 6.00E-05 0.019 0.17  -2.00E-03 1.80E-05
SLC1175-201 0.1 40 50 0.228 110 7.00E-05 0.020 0.20  -2.00E-03 1.80E-05
SLC1175-231 0.1 30 58 0.228 100 7.00E-05 0.019 0.23  -3.00E-03 1.80E-05
SLC1175-271 0.1 30 66 0.228 105 7.00E-05 0.021 0.27  -5.00E-03 1.50E-05
SLC1175-301 0.1 30 70 0.228 100 7.00E-05 0.022 0.30  -5.00E-03 1.50E-05
SLR1190-151KE_   0.1 80 34 4.30E-04 103 1.90E-05 1.50E-02 0.151 -6.14E-04 7.78E-06
SLR1190-201KE 0.1 40 31 4.30E-04 132 1.56E-05 1.70E-02  0.201 -2.95E-04 7.78E-06
MVR1247C-361 0.1 100 300 9.25E-04 3.06 1.80E-05 0.046 0.360 2.10E-02 9.80E-06
MVR1251T-251 0.1 200 100 9.25E-04 1.68 1.50E-05 0.087 0.250 4.00E-03 9.80E-06
MVR1251T-361 0.1 200 85 9.25E-04 1.66 8.00E-06 0.058 0.360 8.00E-03 9.80E-06
SER1360-331 0.1 10 263 0.002 33.5 2.12E-05 0.126 0.330 4.19E-03 9.76E-06
DO3316-121H 0.1 10 165 0.002 18.8 2.96E-07 0.030 0.120 2.00E-04 6.65E-06
DO3316-331H 0.1 10 296 0.082 36.1 5.16E-05 0.171 0.330 3.94E-03 9.54E-06
